00100000000011000001000000000001
00100000000011010000000000001100
10101101100011010000000000000000
10001101100010000000000000000000
00100000000100000000000000000000
00100000000100010000000000000001
00100000000100100000000000000010
00010010010010000000000000000101
00000010000100011001100000100000
00100010001100000000000000000000
00100010011100010000000000000000
00100010010100100000000000000001
00001000000000000000000000000111
00100000000011100001000000000010
10101101110100110000000000000000
00100000000000100000000000001010
00000000000000000000000000001100
