00100000000011000001000000000001
00100000000011010000000001111011
10101101100011010000000000000000
10001101100010000000000000000000
00100000000010010000000000000000
00100000000100000000000000001010
00010001000000000000000000001000
00000001001100000000000000011000
00000000000000000100100000010010
00000001000100000000000000011010
00000000000000000101000000010000
00000001001010100100100000100000
00000001000100000000000000011010
00000000000000000100000000010010
00001000000000000000000000000110
00100000000011100001000000000010
10101101110010010000000000000000
00100000000000100000000000001010
00000000000000000000000000001100
