00100000000011000001000000000001
00100000000011010000000000000010
10101101100011010000000000000000
10001101100100100000000000000000
00100000000100010000000000000001
00100000000010000000000000000000
00100000000100000000000000000101
00000001000100000100100000101010
00010000000010010000000000000100
00000010001100100000000000011000
00000000000000001000100000010010
00100001000010000000000000000001
00001000000000000000000000000111
00100000000011100001000000000010
10101101110100010000000000000000
00100000000000100000000000001010
00000000000000000000000000001100
